# Fog ordinals each engine imports. GENERATED by tools/fog-required-ordinals.sh — do not hand-edit.
#
# Our Fog.dll replaces Blizzard's, so an ordinal an engine imports and we do not export is a wine
# ABORT the first time it is called. That presents as the server going quiet at 0% CPU, not as a
# missing export, which is why this is checked mechanically instead of noticed.
#
# One row per <version> <importing-dll> <ordinal...>. `packages/d2fog/ordinals.zig` asserts that
# fog.def covers every row it is required to; the rule about which rows those are, and why D2CMP
# is not one of them, is written down there rather than here.
1.06b  D2CMP.dll      10018 10022 10023 10024 10025 10026 10029 10042 10043 10045 10046 10091 10093 10094 10095 10097 10102 10103 10104 10105 10106
1.06b  D2Common.dll   10018 10023 10024 10025 10026 10029 10042 10043 10045 10046 10047 10083 10084 10102 10103 10104 10105 10118 10119 10120 10126 10127 10128 10129 10130 10134 10135 10136 10207 10208 10209 10210
1.06b  D2Game.dll     10023 10024 10025 10029 10042 10045 10046 10055 10086 10115 10118 10119 10120 10126 10127 10128 10137 10143 10144 10200 10202
1.06b  D2Lang.dll     10023 10024 10026 10042 10043 10102 10103 10104 10105
1.07   D2CMP.dll      10018 10022 10023 10024 10025 10026 10029 10042 10043 10045 10046 10091 10092 10094 10095 10097 10102 10103 10104 10105 10106
1.07   D2Common.dll   10018 10023 10024 10025 10026 10029 10042 10043 10045 10046 10047 10050 10083 10084 10102 10103 10104 10105 10118 10119 10120 10126 10127 10128 10129 10130 10131 10134 10135 10136 10207 10208 10209 10210 10211 10212 10213 10214 10215 10216 10217
1.07   D2Game.dll     10018 10023 10024 10025 10029 10030 10042 10045 10046 10050 10055 10086 10115 10118 10119 10120 10126 10127 10128 10137 10142 10143 10147
1.07   D2Lang.dll     10023 10024 10026 10029 10042 10043 10102 10103 10104 10105
1.08   D2CMP.dll      10018 10022 10023 10024 10025 10026 10029 10042 10043 10045 10046 10091 10092 10094 10095 10097 10102 10103 10104 10105 10106
1.08   D2Common.dll   10018 10023 10024 10025 10026 10029 10042 10043 10045 10046 10047 10050 10083 10084 10102 10103 10104 10105 10118 10119 10120 10126 10127 10128 10129 10130 10131 10207 10208 10209 10210 10211 10212 10213 10214 10215 10216 10217 10227
1.08   D2Game.dll     10018 10023 10024 10025 10029 10030 10042 10045 10046 10050 10055 10086 10115 10118 10119 10120 10126 10127 10128 10129 10130 10137 10142 10143 10147
1.08   D2Lang.dll     10023 10024 10026 10029 10042 10043 10102 10103 10104 10105
1.09b  D2CMP.dll      10018 10022 10023 10024 10025 10026 10029 10030 10042 10043 10045 10046 10091 10092 10094 10095 10097 10102 10103 10104 10105 10106
1.09b  D2Common.dll   10018 10023 10024 10025 10026 10029 10042 10043 10045 10046 10047 10050 10083 10084 10102 10103 10104 10105 10118 10119 10120 10126 10127 10128 10129 10130 10131 10207 10208 10209 10210 10211 10212 10213 10214 10215 10216 10217 10227
1.09b  D2Game.dll     10018 10023 10024 10025 10029 10030 10042 10045 10046 10050 10055 10086 10115 10118 10119 10120 10126 10127 10128 10129 10130 10137 10142 10143 10147 10229 10230
1.09b  D2Lang.dll     10023 10024 10026 10029 10042 10043 10102 10103 10104 10105
1.09d  D2CMP.dll      10018 10022 10023 10024 10025 10026 10029 10030 10042 10043 10045 10046 10091 10092 10094 10095 10097 10102 10103 10104 10105 10106
1.09d  D2Common.dll   10018 10023 10024 10025 10026 10029 10042 10043 10045 10046 10047 10050 10083 10084 10102 10103 10104 10105 10118 10119 10120 10126 10127 10128 10129 10130 10131 10207 10208 10209 10210 10211 10212 10213 10214 10215 10216 10217 10227
1.09d  D2Game.dll     10018 10023 10024 10025 10029 10030 10042 10045 10046 10050 10055 10086 10115 10118 10119 10120 10126 10127 10128 10129 10130 10137 10142 10143 10147 10229 10230
1.09d  D2Lang.dll     10023 10024 10026 10029 10042 10043 10102 10103 10104 10105
1.10f  D2CMP.dll      10018 10022 10023 10024 10025 10026 10029 10030 10042 10043 10045 10046 10091 10092 10094 10095 10097 10102 10103 10104 10105 10106
1.10f  D2Common.dll   10018 10023 10024 10025 10026 10029 10042 10043 10045 10046 10047 10050 10083 10084 10102 10103 10104 10105 10118 10119 10120 10126 10127 10128 10129 10130 10131 10207 10208 10209 10210 10211 10212 10213 10214 10215 10216 10217 10227 10253 10254 10255
1.10f  D2Game.dll     10018 10023 10024 10025 10029 10030 10042 10045 10046 10050 10055 10086 10115 10118 10119 10120 10126 10127 10128 10129 10130 10137 10142 10143 10147 10213 10229 10230 10252
1.10f  D2Lang.dll     10023 10024 10026 10029 10042 10043 10102 10103 10104 10105
1.13c  D2CMP.dll      10022 10024 10029 10042 10043 10045 10046 10091 10092 10094 10095 10097 10102 10103 10104 10105 10106 10265
1.13c  D2Common.dll   10024 10029 10042 10043 10045 10046 10047 10050 10083 10084 10102 10103 10104 10105 10106 10118 10119 10120 10126 10127 10128 10129 10130 10131 10207 10208 10209 10210 10211 10212 10213 10214 10215 10216 10217 10227 10253 10254 10265
1.13c  D2Game.dll     10024 10029 10030 10042 10043 10045 10046 10050 10055 10086 10115 10118 10119 10120 10126 10127 10128 10129 10130 10137 10142 10143 10147 10213 10229 10230 10252 10265
1.13c  D2Lang.dll     10024 10029 10042 10043 10102 10103 10104 10105 10106 10265
